{
    "criminal_clusters": {
        "eaton_dale": 1,
        "francois_kendall": 1,
        "conde_rory": 1,
        "black_robert_-_spring_2006": 0,
        "colson_robert": 2,
        "cleaned_albright_charles_table": 0,
        "bonin_william_-_fall_2007": 1,
        "armstrong_john_eric": 1,
        "copeland_ray": 1,
        "franklin_joseph": 1,
        "gillis_sean": 1,
        "engleman_glennon": 0,
        "daveggio_james": 1,
        "gallego_charlene": 0,
        "copeland_david": 2,
        "corbett_tammy": 0,
        "dunkle_jon": 2,
        "berdella_robert": 0,
        "gilyard_lorenzo": 1,
        "dolezal_frank": 2,
        "griffiths_stephen": 1,
        "glatman_harvey": 0,
        "gallego_gerald": 1,
        "bianchi_kenneth": 0,
        "cole_carroll": 1,
        "durousseau_paul": 1,
        "bundy_ted": 1,
        "constanzo_adolfo": 1,
        "greenwood_vaughn": 1,
        "dahmer_jeffrey": 2,
        "barfield_velma": 1,
        "archer-gilligan_amy": 1,
        "gerard_david": 1,
        "corona_juan": 2,
        "buono_angelo": 0,
        "dodd_westley": 0,
        "erler_bob": 1,
        "fry_robert": 1,
        "coleman_alton": 2,
        "bathory_elizabeth_-_spring_2006": 0,
        "coit_jill": 0,
        "fraser_leonard": 1,
        "gunness_belle": 2,
        "brudos_jerome": 1,
        "chase_richard": 1,
        "corll_dean": 1,
        "crawford_johnmartin": 1,
        "eyler_larry": 1,
        "evans_gary": 1,
        "debardeleben_mike": 1,
        "bernardo_paul": 0,
        "christie_jon": 1,
        "buenoano_judias_-_fall_2005": 1,
        "cook_william": 1,
        "gilbert_kristen": 0,
        "gore_david": 0,
        "collins_john": 1,
        "anderson_dale": 1,
        "cullen_charles": 0,
        "evonitz_richard": 0,
        "ford_wayne": 1,
        "baumeister_herb_-_fall_2005": 1,
        "costa_antone": 1,
        "cottingham_richard": 1,
        "gaskin_pee": 1,
        "gein_ed": 1,
        "chikatilo_andrei": 1,
        "dugan_brian": 1,
        "fisher_lavinia": 0
    },
    "cluster_sizes": {
        "0": 18,
        "1": 43,
        "2": 8
    },
    "cluster_avg_matrices": {
        "0": [
            [
                0.027777777777777776,
                0.0574074074074074,
                0.034722222222222224,
                0.1574074074074074,
                0.35324074074074074,
                0.027777777777777776,
                0.027777777777777776,
                0.1388888888888889,
                0.06944444444444445,
                0.03888888888888889,
                0.03888888888888889,
                0.027777777777777776
            ],
            [
                0.055555555555555566,
                0.1314814814814815,
                0.027777777777777776,
                0.05092592592592593,
                0.09629629629629628,
                0.027777777777777776,
                0.07592592592592591,
                0.10277777777777779,
                0.26111111111111107,
                0.06481481481481481,
                0.04814814814814815,
                0.057407407407407414
            ],
            [
                0.043518518518518526,
                0.05462962962962964,
                0.1541666666666667,
                0.032407407407407406,
                0.20324074074074078,
                0.032407407407407406,
                0.062037037037037036,
                0.11990740740740742,
                0.06018518518518518,
                0.032407407407407406,
                0.15879629629629632,
                0.0462962962962963
            ],
            [
                0.06481481481481481,
                0.04814814814814814,
                0.037037037037037035,
                0.09444444444444443,
                0.27314814814814814,
                0.037037037037037035,
                0.15000000000000002,
                0.10185185185185185,
                0.07314814814814814,
                0.037037037037037035,
                0.046296296296296294,
                0.037037037037037035
            ],
            [
                0.04915227446673987,
                0.05669195700642241,
                0.07898239659245948,
                0.08346560846560845,
                0.23923704702006587,
                0.009259259259259259,
                0.10943770589997004,
                0.04398148148148148,
                0.0781084656084656,
                0.08994708994708994,
                0.11737629363415529,
                0.04436042061828225
            ],
            [
                0.08333333333333331,
                0.08333333333333331,
                0.08333333333333331,
                0.08333333333333331,
                0.08333333333333331,
                0.08333333333333331,
                0.08333333333333331,
                0.08333333333333331,
                0.08333333333333331,
                0.08333333333333331,
                0.08333333333333331,
                0.08333333333333331
            ],
            [
                0.057870370370370364,
                0.026455026455026454,
                0.05092592592592593,
                0.058862433862433866,
                0.13941798941798944,
                0.018518518518518517,
                0.17433862433862435,
                0.060185185185185196,
                0.10291005291005291,
                0.05886243386243385,
                0.17724867724867727,
                0.0744047619047619
            ],
            [
                0.03158856135046611,
                0.026549508692365834,
                0.09408856135046612,
                0.03349395313681028,
                0.224537037037037,
                0.023148148148148147,
                0.10823255228017133,
                0.1373960695389267,
                0.11682728647014362,
                0.09208238851095993,
                0.0877739984882842,
                0.024281934996220708
            ],
            [
                0.1358024691358025,
                0.07407407407407407,
                0.08055555555555555,
                0.03395061728395062,
                0.17808641975308642,
                0.027777777777777776,
                0.027777777777777776,
                0.1111111111111111,
                0.08487654320987653,
                0.03888888888888889,
                0.08672839506172839,
                0.12037037037037036
            ],
            [
                0.039351851851851846,
                0.06712962962962962,
                0.018518518518518517,
                0.06481481481481483,
                0.08564814814814814,
                0.004629629629629629,
                0.26157407407407407,
                0.15740740740740738,
                0.004629629629629629,
                0.25,
                0.041666666666666664,
                0.004629629629629629
            ],
            [
                0.013888888888888888,
                0.09963768115942027,
                0.0902557319223986,
                0.06944444444444445,
                0.16991986810827395,
                0.013888888888888888,
                0.12542174679855841,
                0.03321256038647343,
                0.04969135802469136,
                0.013888888888888888,
                0.1737040871098842,
                0.1470458553791887
            ],
            [
                0.023148148148148147,
                0.12001964085297417,
                0.05787037037037038,
                0.023148148148148147,
                0.09764309764309764,
                0.023148148148148147,
                0.04398148148148148,
                0.03549382716049383,
                0.03009259259259259,
                0.032407407407407406,
                0.08333333333333333,
                0.4297138047138047
            ]
        ],
        "1": [
            [
                0.18629568106312294,
                0.13914728682170543,
                0.023255813953488372,
                0.11982281284606867,
                0.14974160206718345,
                0.019767441860465116,
                0.05762273901808787,
                0.05642303433001108,
                0.13984865263935034,
                0.025968992248062015,
                0.024483204134366925,
                0.05762273901808786
            ],
            [
                0.09170433059767463,
                0.20359229338780263,
                0.10991311103580552,
                0.05289994243482616,
                0.047375661850401214,
                0.015503875968992248,
                0.05266969509150743,
                0.057916631172445124,
                0.08680579199825393,
                0.050827725246329905,
                0.14799989505282207,
                0.08279104616313919
            ],
            [
                0.03863049095607234,
                0.092921742340347,
                0.1916297526762643,
                0.0355204872646733,
                0.12183462532299742,
                0.0445736434108527,
                0.05488187523071243,
                0.05503875968992247,
                0.09546880767811,
                0.03073089700996678,
                0.16675895164267254,
                0.07200996677740865
            ],
            [
                0.05387596899224806,
                0.13106312292358802,
                0.05910852713178296,
                0.1664174972314507,
                0.11705426356589146,
                0.03488372093023255,
                0.14089147286821704,
                0.03275193798449612,
                0.11879844961240306,
                0.06782945736434111,
                0.040503875968992235,
                0.036821705426356585
            ],
            [
                0.11207087486157255,
                0.107404610892983,
                0.0919158361018826,
                0.07275747508305647,
                0.10963077620054366,
                0.01937984496124031,
                0.03988724453840732,
                0.10078903654485051,
                0.08984949159367764,
                0.04263565891472869,
                0.16398746602234973,
                0.04969168428470753
            ],
            [
                0.08211091234347054,
                0.08139534883720935,
                0.08175313059033994,
                0.08175313059033994,
                0.08139534883720935,
                0.09642218246869416,
                0.08211091234347054,
                0.08354203935599289,
                0.08354203935599289,
                0.08175313059033994,
                0.08211091234347054,
                0.08211091234347054
            ],
            [
                0.12868217054263562,
                0.11337209302325581,
                0.0810077519379845,
                0.09961240310077524,
                0.056782945736434116,
                0.04069767441860463,
                0.11686046511627908,
                0.05813953488372092,
                0.11996124031007754,
                0.10271317829457367,
                0.05116279069767441,
                0.03100775193798449
            ],
            [
                0.10219638242894058,
                0.16210778885197485,
                0.08242894056847548,
                0.06146179401993356,
                0.08438538205980069,
                0.05232558139534884,
                0.08355481727574753,
                0.0689184200812108,
                0.09311554078995941,
                0.02906976744186046,
                0.10457733480989295,
                0.07585825027685496
            ],
            [
                0.08723698781838317,
                0.11002214839424145,
                0.08275193798449614,
                0.08006644518272427,
                0.08773532668881506,
                0.026854928017718712,
                0.06506090808416391,
                0.07189922480620155,
                0.15371908453303804,
                0.04806201550387596,
                0.13165374677002584,
                0.05493724621631599
            ],
            [
                0.5189922480620155,
                0.03875968992248062,
                0.05913621262458471,
                0.06029900332225914,
                0.04069767441860465,
                0.005813953488372093,
                0.036434108527131776,
                0.03488372093023255,
                0.06085271317829458,
                0.08444075304540422,
                0.04922480620155039,
                0.010465116279069766
            ],
            [
                0.061287291519849664,
                0.10262173227289506,
                0.06371690325178699,
                0.027307963354474978,
                0.06808979134560529,
                0.032945736434108516,
                0.07614517265680057,
                0.02561663143058492,
                0.0971030907077419,
                0.02622739018087855,
                0.24748791260419173,
                0.1714503842410819
            ],
            [
                0.06568005637773079,
                0.1711064129668781,
                0.05310077519379846,
                0.015503875968992248,
                0.06375968992248063,
                0.02713178294573643,
                0.038759689922480606,
                0.07517618040873857,
                0.0476568005637773,
                0.015503875968992248,
                0.13486610288935869,
                0.29175475687103597
            ]
        ],
        "2": [
            [
                0.14583333333333331,
                0.15625,
                0.03125,
                0.06249999999999999,
                0.03125,
                0.03125,
                0.03125,
                0.05208333333333333,
                0.05208333333333333,
                0.28125,
                0.06249999999999999,
                0.06249999999999999
            ],
            [
                0.02976190476190476,
                0.15773809523809523,
                0.09226190476190477,
                0.08333333333333334,
                0.15476190476190474,
                0.020833333333333332,
                0.02976190476190476,
                0.020833333333333332,
                0.020833333333333332,
                0.020833333333333332,
                0.2678571428571429,
                0.1011904761904762
            ],
            [
                0.03125,
                0.13541666666666666,
                0.22916666666666669,
                0.03125,
                0.041666666666666664,
                0.03125,
                0.03125,
                0.03125,
                0.1875,
                0.03125,
                0.1875,
                0.03125
            ],
            [
                0.07291666666666666,
                0.19791666666666666,
                0.03125,
                0.08125,
                0.08125,
                0.03125,
                0.03125,
                0.11875000000000001,
                0.21875,
                0.03125,
                0.07291666666666666,
                0.03125
            ],
            [
                0.05729166666666666,
                0.24479166666666666,
                0.18229166666666666,
                0.11979166666666667,
                0.08854166666666667,
                0.041666666666666664,
                0.041666666666666664,
                0.041666666666666664,
                0.041666666666666664,
                0.041666666666666664,
                0.041666666666666664,
                0.05729166666666666
            ],
            [
                0.08333333333333333,
                0.08333333333333333,
                0.08333333333333333,
                0.08333333333333333,
                0.08333333333333333,
                0.08333333333333333,
                0.08333333333333333,
                0.08333333333333333,
                0.08333333333333333,
                0.08333333333333333,
                0.08333333333333333,
                0.08333333333333333
            ],
            [
                0.041666666666666664,
                0.16666666666666666,
                0.16666666666666666,
                0.041666666666666664,
                0.041666666666666664,
                0.041666666666666664,
                0.041666666666666664,
                0.08333333333333333,
                0.1875,
                0.041666666666666664,
                0.041666666666666664,
                0.10416666666666666
            ],
            [
                0.020833333333333332,
                0.020833333333333332,
                0.020833333333333332,
                0.08333333333333334,
                0.08333333333333334,
                0.020833333333333332,
                0.0625,
                0.2777777777777778,
                0.14930555555555555,
                0.020833333333333332,
                0.14583333333333331,
                0.09375
            ],
            [
                0.10684523809523809,
                0.05208333333333333,
                0.042072510822510824,
                0.07708333333333334,
                0.010416666666666666,
                0.010416666666666666,
                0.10213744588744589,
                0.08720238095238096,
                0.39109848484848486,
                0.03314393939393939,
                0.07708333333333334,
                0.010416666666666666
            ],
            [
                0.03125,
                0.125,
                0.0,
                0.03125,
                0.125,
                0.0,
                0.03125,
                0.0,
                0.65625,
                0.0,
                0.0,
                0.0
            ],
            [
                0.07291666666666667,
                0.3487689393939394,
                0.057291666666666664,
                0.021780303030303032,
                0.021780303030303032,
                0.010416666666666666,
                0.010416666666666666,
                0.16950757575757575,
                0.021780303030303032,
                0.010416666666666666,
                0.16638257575757573,
                0.08854166666666667
            ],
            [
                0.056249999999999994,
                0.05625,
                0.03125,
                0.056249999999999994,
                0.03125,
                0.03125,
                0.03125,
                0.19910714285714282,
                0.07410714285714286,
                0.03125,
                0.09910714285714285,
                0.30267857142857146
            ]
        ]
    },
    "silhouette_score": 0.024673702822648146
}