{
    "criminal_clusters": {
        "eaton_dale": 1,
        "francois_kendall": 1,
        "conde_rory": 1,
        "black_robert_-_spring_2006": 2,
        "colson_robert": 1,
        "cleaned_albright_charles_table": 1,
        "bonin_william_-_fall_2007": 1,
        "armstrong_john_eric": 1,
        "copeland_ray": 0,
        "franklin_joseph": 1,
        "gillis_sean": 2,
        "engleman_glennon": 1,
        "daveggio_james": 1,
        "gallego_charlene": 1,
        "copeland_david": 1,
        "corbett_tammy": 2,
        "dunkle_jon": 0,
        "berdella_robert": 0,
        "gilyard_lorenzo": 2,
        "dolezal_frank": 1,
        "griffiths_stephen": 1,
        "glatman_harvey": 1,
        "gallego_gerald": 1,
        "bianchi_kenneth": 0,
        "cole_carroll": 1,
        "durousseau_paul": 2,
        "bundy_ted": 1,
        "constanzo_adolfo": 1,
        "greenwood_vaughn": 2,
        "dahmer_jeffrey": 0,
        "barfield_velma": 1,
        "archer-gilligan_amy": 2,
        "gerard_david": 1,
        "corona_juan": 1,
        "buono_angelo": 2,
        "dodd_westley": 2,
        "erler_bob": 1,
        "fry_robert": 1,
        "coleman_alton": 2,
        "bathory_elizabeth_-_spring_2006": 1,
        "coit_jill": 2,
        "fraser_leonard": 1,
        "gunness_belle": 0,
        "brudos_jerome": 1,
        "chase_richard": 1,
        "corll_dean": 1,
        "crawford_johnmartin": 1,
        "eyler_larry": 0,
        "evans_gary": 0,
        "debardeleben_mike": 0,
        "bernardo_paul": 0,
        "christie_jon": 1,
        "buenoano_judias_-_fall_2005": 1,
        "cook_william": 1,
        "gilbert_kristen": 2,
        "gore_david": 1,
        "collins_john": 2,
        "anderson_dale": 2,
        "cullen_charles": 0,
        "evonitz_richard": 0,
        "ford_wayne": 1,
        "baumeister_herb_-_fall_2005": 2,
        "costa_antone": 1,
        "cottingham_richard": 0,
        "gaskin_pee": 2,
        "gein_ed": 2,
        "chikatilo_andrei": 2,
        "dugan_brian": 1,
        "fisher_lavinia": 0
    },
    "cluster_sizes": {
        "0": 14,
        "1": 37,
        "2": 18
    },
    "cluster_avg_matrices": {
        "0": [
            [
                0.07738095238095237,
                0.011904761904761904,
                0.011904761904761904,
                0.011904761904761904,
                0.011904761904761904,
                0.011904761904761904,
                0.011904761904761904,
                0.011904761904761904,
                0.08333333333333334,
                0.7321428571428573,
                0.011904761904761904,
                0.011904761904761904
            ],
            [
                0.023809523809523808,
                0.2107142857142857,
                0.055952380952380955,
                0.023809523809523808,
                0.023809523809523808,
                0.023809523809523808,
                0.03571428571428571,
                0.10714285714285714,
                0.03273809523809524,
                0.3791666666666667,
                0.05952380952380952,
                0.023809523809523808
            ],
            [
                0.017857142857142856,
                0.06250000000000001,
                0.0676510989010989,
                0.023351648351648352,
                0.017857142857142856,
                0.017857142857142856,
                0.017857142857142856,
                0.017857142857142856,
                0.023351648351648352,
                0.6654075091575091,
                0.041666666666666664,
                0.026785714285714284
            ],
            [
                0.005952380952380952,
                0.005952380952380952,
                0.08928571428571429,
                0.14383116883116884,
                0.005952380952380952,
                0.017857142857142856,
                0.02023809523809524,
                0.005952380952380952,
                0.02023809523809524,
                0.6728354978354977,
                0.005952380952380952,
                0.005952380952380952
            ],
            [
                0.1488095238095238,
                0.005952380952380952,
                0.07738095238095237,
                0.023809523809523808,
                0.18095238095238095,
                0.005952380952380952,
                0.005952380952380952,
                0.04166666666666667,
                0.14880952380952378,
                0.325,
                0.005952380952380952,
                0.02976190476190476
            ],
            [
                0.047619047619047616,
                0.119047619047619,
                0.2380952380952381,
                0.047619047619047616,
                0.047619047619047616,
                0.08333333333333333,
                0.047619047619047616,
                0.047619047619047616,
                0.047619047619047616,
                0.1547619047619048,
                0.047619047619047616,
                0.07142857142857142
            ],
            [
                0.011904761904761904,
                0.011904761904761904,
                0.026190476190476188,
                0.011904761904761904,
                0.011904761904761904,
                0.011904761904761904,
                0.06190476190476191,
                0.011904761904761904,
                0.06190476190476191,
                0.730952380952381,
                0.011904761904761904,
                0.03571428571428571
            ],
            [
                0.041666666666666664,
                0.041666666666666664,
                0.041666666666666664,
                0.1488095238095238,
                0.07738095238095237,
                0.11309523809523805,
                0.041666666666666664,
                0.041666666666666664,
                0.041666666666666664,
                0.3273809523809523,
                0.041666666666666664,
                0.041666666666666664
            ],
            [
                0.10357142857142856,
                0.06785714285714287,
                0.03571428571428571,
                0.05357142857142858,
                0.017857142857142856,
                0.017857142857142856,
                0.04642857142857143,
                0.017857142857142856,
                0.060714285714285714,
                0.4666666666666666,
                0.07023809523809525,
                0.041666666666666664
            ],
            [
                0.02292021853291461,
                0.05438294497808501,
                0.05219147248904251,
                0.10532053038342196,
                0.026784122219722088,
                0.015824180323074942,
                0.05810251938474414,
                0.02173886503754044,
                0.05494693265975692,
                0.5614575122194629,
                0.015616416057948604,
                0.010714285714285714
            ],
            [
                0.0773809523809524,
                0.041666666666666664,
                0.12499999999999999,
                0.05357142857142858,
                0.041666666666666664,
                0.041666666666666664,
                0.0773809523809524,
                0.041666666666666664,
                0.0773809523809524,
                0.255952380952381,
                0.12499999999999997,
                0.041666666666666664
            ],
            [
                0.07142857142857142,
                0.07142857142857142,
                0.07589285714285714,
                0.07366071428571429,
                0.07142857142857142,
                0.07589285714285714,
                0.07366071428571429,
                0.07142857142857142,
                0.10714285714285712,
                0.11607142857142856,
                0.07142857142857142,
                0.12053571428571427
            ]
        ],
        "1": [
            [
                0.1076576576576577,
                0.03603603603603603,
                0.06306306306306306,
                0.0738738738738739,
                0.0900900900900901,
                0.04279279279279278,
                0.0900900900900901,
                0.05495495495495495,
                0.13738738738738734,
                0.2265765765765765,
                0.041441441441441434,
                0.03603603603603603
            ],
            [
                0.04504504504504503,
                0.16563706563706565,
                0.05900900900900902,
                0.09909909909909913,
                0.022522522522522525,
                0.11422136422136422,
                0.06756756756756759,
                0.07027027027027027,
                0.03153153153153153,
                0.2647361647361647,
                0.037837837837837826,
                0.022522522522522525
            ],
            [
                0.06306306306306307,
                0.07657657657657659,
                0.1156955656955657,
                0.07207207207207206,
                0.03603603603603603,
                0.07903357903357902,
                0.052006552006552,
                0.03989703989703989,
                0.06938106938106939,
                0.2932783432783433,
                0.06692406692406694,
                0.03603603603603603
            ],
            [
                0.045495495495495475,
                0.09182754182754188,
                0.049227799227799206,
                0.1384169884169884,
                0.04279279279279278,
                0.04279279279279278,
                0.0675032175032175,
                0.056306306306306286,
                0.0736808236808237,
                0.2538610038610039,
                0.09144144144144149,
                0.04665379665379664
            ],
            [
                0.0,
                0.0,
                0.0,
                0.0,
                0.0518018018018018,
                0.0,
                0.009009009009009009,
                0.009009009009009009,
                0.015765765765765764,
                0.9144144144144143,
                0.0,
                0.0
            ],
            [
                0.02702702702702703,
                0.0945945945945946,
                0.040540540540540536,
                0.09009009009009009,
                0.02702702702702703,
                0.11666666666666668,
                0.03603603603603603,
                0.04954954954954954,
                0.03378378378378378,
                0.36666666666666664,
                0.09099099099099098,
                0.02702702702702703
            ],
            [
                0.03941441441441441,
                0.12725225225225223,
                0.05968468468468468,
                0.060810810810810814,
                0.04054054054054053,
                0.11711711711711713,
                0.07207207207207207,
                0.1036036036036036,
                0.06756756756756759,
                0.23310810810810806,
                0.03603603603603603,
                0.04279279279279278
            ],
            [
                0.07432432432432434,
                0.10315315315315314,
                0.049376299376299365,
                0.07432432432432434,
                0.04729729729729728,
                0.08991683991683996,
                0.056306306306306286,
                0.06704781704781705,
                0.07848232848232851,
                0.20904365904365899,
                0.10343035343035345,
                0.04729729729729728
            ],
            [
                0.08514683514683516,
                0.047297297297297286,
                0.046010296010296,
                0.03539253539253539,
                0.04054054054054053,
                0.033988533988533985,
                0.03153153153153153,
                0.036445536445536435,
                0.09447759447759449,
                0.48610623610623604,
                0.03153153153153153,
                0.03153153153153153
            ],
            [
                0.03749412456131222,
                0.060129689565298274,
                0.03996672247121663,
                0.05871093500799882,
                0.011757978273383245,
                0.03908376338554607,
                0.03345705325968484,
                0.022906391830540437,
                0.05723086292274366,
                0.6045813206178181,
                0.03130277972607943,
                0.0033783783783783786
            ],
            [
                0.049549549549549536,
                0.1261261261261261,
                0.10360360360360361,
                0.05855855855855854,
                0.04954954954954953,
                0.03603603603603603,
                0.03603603603603603,
                0.05495495495495494,
                0.08198198198198198,
                0.25045045045045045,
                0.11711711711711713,
                0.03603603603603603
            ],
            [
                0.07432432432432434,
                0.07432432432432434,
                0.07432432432432434,
                0.07432432432432434,
                0.07432432432432434,
                0.07432432432432434,
                0.08783783783783788,
                0.07432432432432434,
                0.07432432432432434,
                0.16891891891891886,
                0.07432432432432434,
                0.07432432432432434
            ]
        ],
        "2": [
            [
                0.06018518518518518,
                0.032407407407407406,
                0.06018518518518518,
                0.06018518518518518,
                0.032407407407407406,
                0.032407407407407406,
                0.06018518518518518,
                0.14351851851851855,
                0.11574074074074073,
                0.33796296296296297,
                0.032407407407407406,
                0.032407407407407406
            ],
            [
                0.023148148148148147,
                0.20046296296296298,
                0.023148148148148147,
                0.05092592592592594,
                0.023148148148148147,
                0.08564814814814814,
                0.04398148148148148,
                0.12037037037037036,
                0.13194444444444448,
                0.20462962962962966,
                0.06944444444444443,
                0.023148148148148147
            ],
            [
                0.06018518518518518,
                0.08796296296296294,
                0.06018518518518518,
                0.06018518518518518,
                0.06018518518518518,
                0.17129629629629625,
                0.14351851851851857,
                0.06018518518518518,
                0.11574074074074076,
                0.06018518518518518,
                0.06018518518518518,
                0.06018518518518518
            ],
            [
                0.032407407407407406,
                0.041666666666666664,
                0.03637566137566137,
                0.23619929453262792,
                0.032407407407407406,
                0.053571428571428575,
                0.10293209876543209,
                0.032407407407407406,
                0.10998677248677247,
                0.25260141093474425,
                0.037037037037037035,
                0.032407407407407406
            ],
            [
                0.10978835978835977,
                0.018518518518518517,
                0.018518518518518517,
                0.08201058201058199,
                0.17301587301587304,
                0.02962962962962963,
                0.018518518518518517,
                0.018518518518518517,
                0.41666666666666663,
                0.07777777777777778,
                0.018518518518518517,
                0.018518518518518517
            ],
            [
                0.037037037037037035,
                0.20787037037037043,
                0.05092592592592593,
                0.08564814814814814,
                0.037037037037037035,
                0.08703703703703702,
                0.037037037037037035,
                0.037037037037037035,
                0.06481481481481481,
                0.25370370370370376,
                0.06481481481481481,
                0.037037037037037035
            ],
            [
                0.04861111111111112,
                0.24074074074074067,
                0.041666666666666664,
                0.09722222222222221,
                0.041666666666666664,
                0.06018518518518518,
                0.07407407407407406,
                0.041666666666666664,
                0.1527777777777778,
                0.11805555555555555,
                0.041666666666666664,
                0.041666666666666664
            ],
            [
                0.06018518518518518,
                0.15740740740740738,
                0.06018518518518518,
                0.10185185185185182,
                0.06018518518518518,
                0.06018518518518518,
                0.06018518518518518,
                0.07407407407407406,
                0.06018518518518518,
                0.18518518518518523,
                0.06018518518518518,
                0.06018518518518518
            ],
            [
                0.08664021164021163,
                0.08907407407407406,
                0.033518518518518524,
                0.10626984126984126,
                0.07407407407407407,
                0.09018518518518519,
                0.032407407407407406,
                0.032407407407407406,
                0.14865079365079367,
                0.19698412698412696,
                0.07738095238095238,
                0.032407407407407406
            ],
            [
                0.02088216885306698,
                0.0721609477124183,
                0.01082010582010582,
                0.05840241034685478,
                0.059207375478927196,
                0.047514005602240894,
                0.016042692939244662,
                0.007908950617283951,
                0.07095073832001937,
                0.5157402339394676,
                0.12037037037037036,
                0.0
            ],
            [
                0.05555555555555555,
                0.16666666666666666,
                0.05555555555555555,
                0.16666666666666674,
                0.08333333333333331,
                0.05555555555555555,
                0.05555555555555555,
                0.05555555555555555,
                0.05555555555555555,
                0.07407407407407406,
                0.12037037037037036,
                0.05555555555555555
            ],
            [
                0.08333333333333331,
                0.08333333333333331,
                0.08333333333333331,
                0.08333333333333331,
                0.08333333333333331,
                0.08333333333333331,
                0.08333333333333331,
                0.08333333333333331,
                0.08333333333333331,
                0.08333333333333331,
                0.08333333333333331,
                0.08333333333333331
            ]
        ]
    },
    "silhouette_score": 0.06404251115948911
}